>ATTTGCATAW	POU.pou5f3	7.325577
0.852	0.048	0.048	0.052
0.001	0.001	0.001	0.997
0.001	0.043	0.001	0.955
0.155	0.001	0.001	0.843
0.107	0.001	0.891	0.001
0.008	0.990	0.001	0.001
0.997	0.001	0.001	0.001
0.001	0.004	0.001	0.994
0.676	0.047	0.125	0.152
0.434	0.107	0.063	0.396
>CCWTTGTY	SOX.sox3	6.563838
0.019	0.695	0.147	0.139
0.032	0.705	0.003	0.260
0.481	0.001	0.001	0.517
0.001	0.001	0.001	0.997
0.001	0.001	0.001	0.997
0.007	0.027	0.843	0.123
0.056	0.001	0.113	0.830
0.076	0.330	0.185	0.409
>ATTTGCATAACAATG	POU.SOX.pou5f3.sox3	8.751420
0.768	0.081	0.045	0.106
0.023	0.012	0.003	0.962
0.029	0.102	0.014	0.855
0.190	0.008	0.007	0.795
0.162	0.089	0.727	0.022
0.085	0.909	0.001	0.005
0.974	0.010	0.001	0.015
0.081	0.020	0.004	0.895
0.537	0.103	0.186	0.174
0.624	0.056	0.012	0.308
0.127	0.595	0.177	0.101
0.934	0.018	0.010	0.038
0.924	0.015	0.031	0.030
0.398	0.012	0.038	0.552
0.222	0.053	0.644	0.081
>RGKGGGCGKGGC	ZnF.3xC2H2.Sp	6.330528
0.343	0.076	0.426	0.155
0.169	0.049	0.747	0.035
0.086	0.008	0.420	0.485
0.027	0.009	0.963	0.001
0.001	0.001	0.997	0.001
0.001	0.001	0.997	0.001
0.141	0.628	0.001	0.230
0.026	0.001	0.968	0.005
0.003	0.006	0.499	0.492
0.166	0.016	0.765	0.053
0.214	0.121	0.586	0.079
0.073	0.579	0.181	0.167
>WTNCAATACACA	FOXH.foxH1	5.877246
0.419	0.114	0.097	0.370
0.049	0.218	0.133	0.600
0.229	0.228	0.293	0.250
0.001	0.616	0.382	0.001
0.997	0.001	0.001	0.001
0.997	0.001	0.001	0.001
0.001	0.001	0.001	0.997
0.606	0.392	0.001	0.001
0.219	0.706	0.001	0.074
0.997	0.001	0.001	0.001
0.001	0.997	0.001	0.001
0.997	0.001	0.001	0.001
>AGCCAATCGG	CCAAT.NFY	4.705513
0.474	0.049	0.467	0.010
0.228	0.049	0.669	0.054
0.001	0.997	0.001	0.001
0.001	0.997	0.001	0.001
0.997	0.001	0.001	0.001
0.997	0.001	0.001	0.001
0.001	0.001	0.001	0.997
0.081	0.493	0.399	0.027
0.460	0.041	0.498	0.001
0.107	0.179	0.696	0.019
>GTGACGT	bZIP.max	7.367900
0.060	0.001	0.938	0.001
0.027	0.036	0.001	0.936
0.001	0.151	0.802	0.046
0.997	0.001	0.001	0.001
0.001	0.997	0.001	0.001
0.001	0.001	0.997	0.001
0.001	0.262	0.001	0.736
>TTAACACCTC	T.box	6.338228
0.082	0.102	0.063	0.753
0.023	0.027	0.007	0.943
0.492	0.333	0.127	0.048
0.790	0.016	0.144	0.050
0.001	0.987	0.004	0.008
0.929	0.008	0.057	0.006
0.013	0.951	0.020	0.016
0.103	0.705	0.024	0.168
0.024	0.047	0.009	0.920
0.140	0.527	0.116	0.217
>ANTTMRCASBNNNGTGYKAAN	T.T	7.371120
0.402	0.156	0.211	0.231
0.256	0.196	0.221	0.326
0.090	0.251	0.086	0.573
0.020	0.110	0.001	0.869
0.352	0.402	0.166	0.080
0.442	0.065	0.347	0.146
0.001	0.969	0.020	0.010
0.859	0.001	0.085	0.055
0.105	0.482	0.337	0.075
0.171	0.332	0.221	0.276
0.201	0.221	0.241	0.337
0.347	0.221	0.226	0.206
0.231	0.196	0.342	0.231
0.116	0.292	0.502	0.090
0.055	0.070	0.030	0.845
0.001	0.025	0.959	0.015
0.161	0.367	0.055	0.417
0.080	0.196	0.352	0.372
0.904	0.001	0.070	0.025
0.603	0.101	0.206	0.090
0.261	0.236	0.246	0.256
>AACAGCTG	E.box.grA	6.691203
0.804	0.045	0.129	0.022
0.706	0.048	0.233	0.013
0.001	0.997	0.001	0.001
0.997	0.001	0.001	0.001
0.023	0.001	0.966	0.010
0.069	0.833	0.059	0.039
0.001	0.005	0.001	0.993
0.001	0.001	0.997	0.001
>CTGTCTGG	SMAD.smad12	6.100686
0.133	0.479	0.205	0.184
0.132	0.336	0.044	0.488
0.001	0.001	0.992	0.006
0.057	0.018	0.060	0.865
0.014	0.951	0.010	0.025
0.010	0.018	0.081	0.891
0.123	0.123	0.743	0.011
0.082	0.282	0.592	0.044
>ATGCCCTGAGGC	bHSH.tfap2	6.800669
0.408	0.209	0.161	0.221
0.153	0.088	0.111	0.648
0.166	0.063	0.596	0.175
0.008	0.636	0.348	0.008
0.001	0.997	0.001	0.001
0.001	0.941	0.001	0.057
0.020	0.184	0.018	0.778
0.099	0.353	0.506	0.042
0.683	0.009	0.302	0.006
0.028	0.001	0.970	0.001
0.001	0.001	0.997	0.001
0.014	0.607	0.368	0.011
>ASWTCAAAGG	HMG.tcf	8.529040
0.809	0.012	0.104	0.075
0.011	0.444	0.325	0.220
0.502	0.016	0.001	0.481
0.038	0.001	0.001	0.960
0.001	0.916	0.082	0.001
0.997	0.001	0.001	0.001
0.997	0.001	0.001	0.001
0.997	0.001	0.001	0.001
0.084	0.001	0.914	0.001
0.122	0.314	0.518	0.046
>RGGATTAR	pairedHD.otx	6.277190
0.283	0.189	0.383	0.145
0.261	0.031	0.614	0.094
0.119	0.016	0.835	0.030
0.908	0.046	0.033	0.013
0.002	0.001	0.001	0.996
0.055	0.001	0.001	0.943
0.942	0.005	0.008	0.045
0.316	0.136	0.377	0.171
>GYHATAAA	antpHD.cdx	6.875060
0.126	0.206	0.620	0.048
0.001	0.533	0.001	0.465
0.325	0.384	0.001	0.289
0.584	0.048	0.367	0.001
0.001	0.001	0.001	0.997
0.827	0.001	0.001	0.171
0.997	0.001	0.001	0.001
0.997	0.001	0.001	0.001
>CCTTTTATAGCC	TATA	5.682591
0.025	0.606	0.283	0.086
0.006	0.850	0.004	0.140
0.091	0.125	0.001	0.783
0.001	0.048	0.001	0.950
0.297	0.001	0.001	0.701
0.234	0.001	0.001	0.764
0.964	0.034	0.001	0.001
0.351	0.001	0.172	0.476
0.704	0.009	0.285	0.001
0.042	0.200	0.716	0.042
0.178	0.355	0.328	0.138
0.117	0.510	0.304	0.069
>BRCCGGAAGT	ETS.ets	8.675231
0.144	0.285	0.353	0.217
0.440	0.083	0.355	0.122
0.001	0.630	0.368	0.001
0.034	0.944	0.021	0.001
0.001	0.001	0.997	0.001
0.001	0.001	0.997	0.001
0.997	0.001	0.001	0.001
0.997	0.001	0.001	0.001
0.243	0.083	0.673	0.001
0.001	0.401	0.001	0.597